# myTask
## Logger method for the complexity project
###fibonacci_timing_0_to_15

![fibonacci_timing_0_to_15](https://user-images.githubusercontent.com/130226521/234500669-0ae0621f-55a9-4ebb-8db7-e4943610107a.png)


n,recursive,dynamic

0,6.329999999987734e-05,7.570000000001187e-05

1,4.600000000465343e-06,4.500000000184912e-06

2,1.0500000000135401e-05,1.1199999999433885e-05

3,1.4299999999245472e-05,1.1699999999947863e-05

4,2.360000000045659e-05,1.1200000000322063e-05

5,0.00010399999999943788,1.3399999999386125e-05

6,6.320000000048509e-05,1.1200000000322063e-05

7,0.00010300000000018628,1.1399999999994748e-05

8,0.00016740000000048383,1.1399999999994748e-05

9,0.00029769999999995633,1.1999999999900979e-05

10,0.00048370000000019786,1.2400000000134526e-05

11,0.001330400000000509,1.430000000013365e-05

12,0.0021661000000001707,3.690000000045046e-05

13,0.004044200000000053,2.359999999956841e-05

14,0.004092800000000452,1.4099999999572788e-05

## Logger method for the GC calc project

### GC frequency for human
Average GC % = <70.05512368618675>
The number of sequences are:  2656
fasta file is <C:\Users\dbu\AP\day8T\GCcalc-project\mature.fa>
speciesCode is <hsa>
+******************************************************************************+
project log file is <C:\Users\dbu\AP\day8T\complexity project\logfiles\mature__20230425_170818__3697017c62772d71b4445895933026a4.log>
+******************************************************************************+
debug mode is on

#### GC frequency for mouse
Average GC % = <70.50310821391368>
The number of sequences are:  1978
fasta file is <C:\Users\dbu\AP\day8T\GCcalc-project\mature.fa>
speciesCode is <mmu>
+******************************************************************************+
project log file is <C:\Users\dbu\AP\day8T\complexity project\logfiles\mature__20230425_171046__3697017c62772d71b4445895933026a4.log>
+******************************************************************************+
debug mode is on

##### GC frequency for rat
average GC % = <67.4683526671524>
The number of sequences are:  764
fasta file is <C:\Users\dbu\AP\day8T\GCcalc-project\mature.fa>
speciesCode is <rno>
+******************************************************************************+
project log file is <C:\Users\dbu\AP\day8T\complexity project\logfiles\mature__20230425_171427__3697017c62772d71b4445895933026a4.log>
+******************************************************************************+
debug mode is on

### Logo plots for all miRNAs for human
# Number of mature__uniqseeds for hsa
#load sequences from fasta file <C:\Users\dbu\AP\day8T\GCcalc-project\mature.fa>
loaded <48885> sequences and kept <2656> with species code [hsa]
2656
#get unique seed sequences from sequence list
seed region is defined to run from <2>--><8>
found <2094> unique seed sequences
# mature__uniqseeds_logoplt
![mature__uniqseeds_logoplt](https://user-images.githubusercontent.com/130226521/234336299-84d090e8-7bdf-4dec-8ee6-c7add911f36d.png)

          A         C         G         T
0  0.249284  0.236867  0.282235  0.231614
1  0.244986  0.227794  0.295129  0.232092
2  0.205826  0.247373  0.346705  0.200096
3  0.218243  0.225883  0.323782  0.232092
4  0.225883  0.257402  0.284623  0.232092
5  0.239733  0.244031  0.278415  0.237822
6  0.217287  0.267431  0.256447  0.258835
### Logo plots for all miRNAs for mouse
# Number of mature__uniqseeds for mmu
# load sequences from fasta file <C:\Users\dbu\AP\day8T\GCcalc-project\mature.fa> 
loaded <48885> sequences and kept <1978> with species code [mmu] 
1978
# get unique seed sequences from sequence list 
seed region is defined to run from <2>--><8>
found <1588> unique seed sequences
# mature__uniqseeds_logoplt
![mature__uniqseeds_logoplt](https://user-images.githubusercontent.com/130226521/234520096-be1da924-483c-434e-b9e2-de31f7bcf7b1.png)

          A         C         G         T
0  0.241814  0.243703  0.291562  0.222922
1  0.236146  0.211587  0.301008  0.251259
2  0.205919  0.250630  0.335013  0.208438
3  0.217884  0.220403  0.307305  0.254408
4  0.211587  0.241814  0.286524  0.260076
5  0.217254  0.246851  0.301008  0.234887
6  0.212217  0.270151  0.253778  0.263854
### Logo plots for all miRNAs for rat
# Number of mature__uniqseeds for rno
load sequences from fasta file <C:\Users\dbu\AP\day8T\GCcalc-project\mature.fa>
loaded <48885> sequences and kept <764> with species code [rno]
764
# get unique seed sequences from sequence list
seed region is defined to run from <2>--><8>
found <635> unique seed sequences
# mature__uniqseeds_logoplt
![mature__uniqseeds_logoplt](https://user-images.githubusercontent.com/130226521/234520356-21229cf1-69c9-44d1-ba6e-7f840a646ee8.png)
          A         C         G         T
0  0.277165  0.223622  0.288189  0.211024
1  0.251969  0.220472  0.270866  0.256693
2  0.242520  0.237795  0.307087  0.212598
3  0.244094  0.223622  0.264567  0.267717
4  0.226772  0.262992  0.231496  0.278740
5  0.277165  0.215748  0.255118  0.251969
6  0.222047  0.280315  0.222047  0.275591
